P2: 7.754362182617188e+02 0.000000000000e+00 6.522866821289062e+02 0e+00 0.000000000000e+00 6.754362182617188e+02 3.142138671875e+02 0.00e-01 0.000000000000e+00 0.000000000000e+00 1.000000000000e+00 0.00e-03
R_rect: 1 0 0 0 1 0 0 0 1
Tr_velo_cam: 0 -1 0 0 0 0 -1 -0.295 1 0 0 -0.35
#Tr_velo_cam: 0 -1 0 0 -0.1951 0 -0.9808 -0.2211 0.9808 0 -0.1951 -0.4008
